
leng    = [1   sqrt(2) ];       % Elements length
phi     = [90      45  ];       % Angle

Truss Params 
No. of Elements  2 
No. of Nodes     3 
No. of Equations 6 


solution_vector_d =

                   0
  -0.000000001000000
   0.000000001000000
   0.000000001000000
   0.038284274247462
  -0.010000001000000


reactions_vector =

                   0
  10.000000000000002
 -10.000000000000004
 -10.000000000000004

element			stress
1			-10.000000
2			14.142136
