
leng 	= [1        1];   	% Elements length

    Truss Params 
------------------- 
No. of Elements  2 
No. of Nodes     3 
No. of Equations 3 

cond_K1_0 =

     4.561552813005846e+10


cond_K1 =

     4.561552813005846e+10


cycle_index =

     0


solution_vector_d =

   0.000000000100000
   2.000000000099999
   3.000000000099999


reactions_vector =

  -1.000000000000000

element			stress
1			2.000000
2			1.000000