%% For 2D case

epsl    = 1e-4;        % convergence accuracy
pnl0    = 1e4;         % initial penalty factor
pnl     = 1e2;         % step-length of penalty factor
mag_ex  = 3.5;         % Magnification coefficient for visualization

	Truss Params 
------------------- 
No. of Elements  22 
No. of Nodes     12 
No. of Equations 24 


cond_K1_0 =

     7.247213354400216e+05


cond_K1 =

     7.247213354400216e+05


cycle_index =

     0


solution_vector_d =

   1.0e-04 *

  -0.000002126645539
  -0.000004200157506
   0.196070539648180
  -0.112004200157506
  -0.042532910789118
  -0.509706787985480
   0.133070539648180
  -0.621706787985480
  -0.022063694932697
  -0.956807463921138
   0.007070539648180
  -0.914748487905185
   0.043063694932697
  -0.805607183910638
  -0.095271286342847
  -0.838214874561351
   0.042532910789118
  -0.418355947953979
  -0.179271286342847
  -0.493022614620646
   0.000002126645539
  -0.000002800105004
  -0.221271286342847
  -0.074669466771671


reactions_vector =

   1.0e+03 *

   2.126539207178948
   4.200000000000006
  -2.126539207178951
   2.800000000000009

element			stress
1			-420000.000000
2			-212653.920718
3			525000.000000
4			-315000.000000
5			-420000.000000
6			102346.079282
7			525000.000000
8			-630000.000000
9			157721.160060
10			325636.949327
11			-197151.450075
12			152848.549925
13			-511709.129955
14			-122278.839940
15			-2653.920718
16			350000.000000
17			-420000.000000
18			-280000.000000
19			-212653.920718
20			350000.000000
21			-210000.000000
22			-280000.000000

%% For 3D case

epsl    = 1e-4;        % convergence accuracy
pnl0    = 1e4;         % initial penalty factor
pnl     = 1e2;         % step-length of penalty factor
mag_ex  = 3.5;         % Magnification coefficient for visualization
	Truss Params 
------------------- 
No. of Elements  22 
No. of Nodes     12 
No. of Equations 36 


cond_K1_0 =

     7.247213354971621e+05


cond_K1 =

     7.247213354971621e+05


cycle_index =

     0


solution_vector_d =

   1.0e-04 *

  -0.000002126645539
  -0.000004200157506
                   0
   0.196070539648180
  -0.112004200157506
                   0
  -0.042532910789119
  -0.509706787985481
                   0
   0.133070539648180
  -0.621706787985482
                   0
  -0.022063694932697
  -0.956807463921140
                   0
   0.007070539648180
  -0.914748487905187
                   0
   0.043063694932698
  -0.805607183910639
                   0
  -0.095271286342847
  -0.838214874561353
                   0
   0.042532910789119
  -0.418355947953979
                   0
  -0.179271286342847
  -0.493022614620647
                   0
   0.000002126645539
  -0.000002800105004
                   0
  -0.221271286342848
  -0.074669466771671
                   0


reactions_vector =

   1.0e+03 *

   2.126539207178953
   4.200000000000020
                   0
                   0
                   0
                   0
                   0
                   0
                   0
                   0
                   0
                   0
  -2.126539207178959
   2.800000000000012
                   0
                   0

element			stress
1			-420000.000000
2			-212653.920718
3			525000.000000
4			-315000.000000
5			-420000.000000
6			102346.079282
7			525000.000000
8			-630000.000000
9			157721.160060
10			325636.949327
11			-197151.450075
12			152848.549925
13			-511709.129955
14			-122278.839940
15			-2653.920718
16			350000.000000
17			-420000.000000
18			-280000.000000
19			-212653.920718
20			350000.000000
21			-210000.000000
22			-280000.000000