
epsl    = 1e-4;        % convergence accuracy
pnl0    = 1e4;         % initial penalty factor
pnl     = 1e2;         % step-length of penalty factor
mag_ex  = 4;           % Magnification coefficient for visualization

	Truss Params 
------------------- 
No. of Elements  3 
No. of Nodes     4 
No. of Equations 8 


cond_K1_0 =

     1.002253405725796e+05


cond_K1 =

     1.002253405725796e+05


cycle_index =

     0


solution_vector_d =

   1.0e-05 *

   0.000010000353566
  -0.000010000353566
                   0
   0.000010002000400
   0.382882717182551
   0.000000000000000
   0.332872715182151
   0.050010002000400


reactions_vector =

   1.0e+03 *

  -0.999999999999999
   0.999999999999999
                   0
  -0.999999999999999
  -0.000000000000000

element			stress
1			141421.356237
2			-50000.000000
3			-0.000000